NUM_GENES	H2GE	EQTL_H2	CORRELATION	NUM_GWAS	LASSO_POWER	PRSCSx_POWER	MAGEPRO_POWER	METRO_POWER	LASSO_ACCURACY	PRSCSx_ACCURACY	MAGEPRO_ACCURACY	METRO_ACCURACY	LASSO_SEM	PRSCSx_SEM	MAGEPRO_SEM	METRO_SEM	LASSO_R2	PRSCSx_R2	MAGEPRO_R2	METRO_R2	LASSO_R2_SEM	PRSCSx_R2_SEM	MAGEPRO_R2_SEM	METRO_R2_SEM
1092	0	0.01	0.2	20000	0.0	0.0	0.0	0.0	0.4426905017623759	0.44512260680314214	0.4463305543809194	0.4355469877210301	0.01647884245591301	0.016564457926811577	0.01662123593846009	0.016010862899163085	0.018097491687801618	0.01800254248225614	0.018041044284913904	0.016427508650788365	0.0007316694874470634	0.0007346605417633483	0.0007285053432610963	0.0006789295582978428
1092	0	0.01	0.2	100000	0.0	0.0	0.0	0.0	0.4426905017623759	0.44512260680314214	0.4463305543809194	0.41233129845956795	0.01647884245591301	0.016564457926811577	0.01662123593846009	0.015732006373577793	0.018097491687801618	0.01800254248225614	0.018041044284913904	0.016596625832083607	0.0007316694874470634	0.0007346605417633483	0.0007285053432610963	0.0007016805879909367
1092	0	0.01	0.2	600000	0.0	0.0	0.0	0.0	0.4426905017623759	0.44512260680314214	0.4463305543809194	0.4254370235395585	0.01647884245591301	0.016564457926811577	0.01662123593846009	0.016229105096030226	0.018097491687801618	0.01800254248225614	0.018041044284913904	0.017330777775760222	0.0007316694874470634	0.0007346605417633483	0.0007285053432610963	0.0007216628321222685
1089	0	0.01	0.8	20000	0.0009182736455463728	0.0009182736455463728	0.0009182736455463728	0.0	0.41048242496587134	0.40855214007837287	0.41452993271752847	0.42759652816015437	0.016173960910508312	0.016248971943965497	0.016167064342636938	0.015967648269359046	0.01618100900800699	0.016064482035668817	0.016177413364923246	0.01828914392837908	0.0007027912112137151	0.0007097324763995623	0.0006904618272603694	0.0007359763524644431
1088	0	0.01	0.8	100000	0.0	0.0	0.0	0.0	0.40951122632495845	0.407862994910991	0.41402843018764707	0.4150768631587658	0.016171395371102494	0.01626111877795006	0.016185927683760738	0.01625680286576992	0.016168141263362207	0.016065624460447948	0.01618043760994361	0.01788757307126255	0.0007033195370517147	0.0007103841838007295	0.0006910901055545906	0.0007553745520266886
1088	0	0.01	0.8	600000	0.0	0.0	0.0	0.0	0.40951122632495845	0.407862994910991	0.41402843018764707	0.44411225208428623	0.016171395371102494	0.01626111877795006	0.016185927683760738	0.016195120689553054	0.016168141263362207	0.016065624460447948	0.01618043760994361	0.018567021594744403	0.0007033195370517147	0.0007103841838007295	0.0006910901055545906	0.0007656230290447089
1084	0	0.05	0.2	20000	0.0	0.0	0.0	0.0	0.44872769143826857	0.44308943603388046	0.45882772685553724	0.368536346903357	0.013057947035386935	0.01306277637814041	0.013151485424571889	0.012467251233182743	0.03002072651998901	0.029532788330964975	0.03086003147847346	0.021484648613389393	0.0011185394297665188	0.0011174515612182429	0.001134804272840739	0.0008950104916715548
1083	0	0.05	0.2	100000	0.0	0.0	0.0	0.0	0.44811787693764715	0.4424733845250684	0.45822908496046594	0.37400173720724633	0.01305813675992306	0.013062683426070528	0.013152394653411838	0.012462384677342486	0.029960481116874056	0.029482586253189867	0.030801025492816218	0.022114522090881796	0.0011179476123993027	0.0011173545605270342	0.0011343160788233099	0.0008813906313182053
1083	0	0.05	0.2	600000	0.0	0.0	0.0	0.0	0.44811787693764715	0.4424733845250684	0.45822908496046594	0.34850044024442595	0.01305813675992306	0.013062683426070528	0.013152394653411838	0.012083403103012357	0.029960481116874056	0.029482586253189867	0.030801025492816218	0.019768069937959827	0.0011179476123993027	0.0011173545605270342	0.0011343160788233099	0.0007672898021736454
1081	0	0.05	0.8	20000	0.0	0.0	0.0	0.0	0.455883921512106	0.4482026490250061	0.46853389079069996	0.3780547739399585	0.013365056291500584	0.013320608573739198	0.013609186936416495	0.012697806351388312	0.03178697970172711	0.03117473959033318	0.033116247009798094	0.02293815302614806	0.001230881836415911	0.0012120208914640734	0.001269700582960629	0.0009240055281853041
1081	0	0.05	0.8	100000	0.0	0.0	0.0	0.0	0.455883921512106	0.4482026490250061	0.46853389079069996	0.39097048139282664	0.013365056291500584	0.013320608573739198	0.013609186936416495	0.012763320300453913	0.03178697970172711	0.03117473959033318	0.033116247009798094	0.024506718402323165	0.001230881836415911	0.0012120208914640734	0.001269700582960629	0.0010143373813039848
1081	0	0.05	0.8	600000	0.0	0.0	0.0	0.0	0.455883921512106	0.4482026490250061	0.46853389079069996	0.39466594625505025	0.013365056291500584	0.013320608573739198	0.013609186936416495	0.012654135657783235	0.03178697970172711	0.03117473959033318	0.033116247009798094	0.02429120057065948	0.001230881836415911	0.0012120208914640734	0.001269700582960629	0.0010020705013389435
1078	0	0.1	0.2	20000	0.0	0.0	0.0	0.0	0.5573586906562294	0.5580536460851453	0.5771361632077247	0.29082970050222917	0.011696259372217079	0.011749899953916395	0.011601353969378845	0.0103746275986709	0.06592124966654322	0.06643347148675625	0.06975216257195017	0.02723515262512132	0.0017886340453063697	0.0018154264898397438	0.0018476469361756826	0.0011103660415085765
1077	0	0.1	0.2	100000	0.0	0.0	0.0	0.0	0.5570610814844547	0.5576237371805588	0.5767248170629851	0.2903933652572415	0.011703851991735861	0.011753460272829055	0.011605342938679633	0.01026767652916696	0.0659655686073957	0.06644996067499369	0.06977523212647291	0.02628215714222594	0.001789745909026715	0.0018170379506372842	0.0018492191213753922	0.001046606532379846
1077	0	0.1	0.2	600000	0.0	0.0	0.0	0.0	0.5570610814844547	0.5576237371805588	0.5767248170629851	0.28549973890872365	0.011703851991735861	0.011753460272829055	0.011605342938679633	0.010416572840110288	0.0659655686073957	0.06644996067499369	0.06977523212647291	0.026291765943820333	0.001789745909026715	0.0018170379506372842	0.0018492191213753922	0.0011207939689503942
1075	0	0.1	0.8	20000	0.0	0.0	0.0	0.0009302325581395349	0.564847669679499	0.5512046550358063	0.5988494478905718	0.3344546748437894	0.01157390210258644	0.01159661442993416	0.011520832381532557	0.010824990986373153	0.07059678342230799	0.06795202231620753	0.07680659852659526	0.03358263491761408	0.0019312442123697261	0.0019038879439215925	0.002015332711452269	0.0012785776781514219
1074	0	0.1	0.8	100000	0.0	0.0	0.0	0.000931098696461825	0.5644324479902618	0.5507764152028253	0.5984666706461926	0.3299165603489397	0.011577493483798523	0.011599767916247955	0.011525464117120457	0.01073893484241469	0.07043951845915773	0.06788191205027416	0.07665827486123324	0.032923268804041915	0.001926623408521254	0.0019043689389361027	0.00201173942352341	0.0012508526637071541
1073	0	0.1	0.8	600000	0.0	0.0	0.0	0.0009319664492078285	0.564785793593864	0.5511184698481507	0.5988569359465293	0.34459046223558815	0.011583158075986357	0.011605803083727027	0.011529861839499106	0.010884734292054115	0.07049009346735684	0.06793024562192375	0.07671500364814449	0.03451608607796599	0.0019277552489373468	0.0019055305421419794	0.002012814422691287	0.0012869877212641286
1073	0.0001	0.01	0.2	20000	0.0	0.0	0.0	0.0	0.4213601190579043	0.4273136518661636	0.43380534412571065	0.4106482811128377	0.01609692301414729	0.016165899413223595	0.016165733538898504	0.016086899377201504	0.017150206375020696	0.017285413384746446	0.01738208019444097	0.017435158658232506	0.0007321217720186104	0.0007418415125538217	0.0007329605332091854	0.0007345816265781421
1073	0.0001	0.01	0.2	100000	0.001863932898415657	0.0009319664492078285	0.001863932898415657	0.0009319664492078285	0.4213601190579043	0.4273136518661636	0.43380534412571065	0.4052989587190557	0.01609692301414729	0.016165899413223595	0.016165733538898504	0.015602139374432476	0.017150206375020696	0.017285413384746446	0.01738208019444097	0.01706440835969361	0.0007321217720186104	0.0007418415125538217	0.0007329605332091854	0.0007270243751757174
1072	0.0001	0.01	0.2	600000	0.04477611940298507	0.04664179104477612	0.049440298507462684	0.36473880597014924	0.4213601190579043	0.4273136518661636	0.43380534412571065	0.45626409672776147	0.01609692301414729	0.016165899413223595	0.016165733538898504	0.016422831977597672	0.017100029663550995	0.017233255366075943	0.017332119619519512	0.02038135984591944	0.0007310819537366974	0.0007406962820031379	0.0007319382868668715	0.0008125639910950706
1072	0.0001	0.01	0.8	20000	0.0	0.0	0.0	0.0	0.4390700892254696	0.4444415185012162	0.4333363348109568	0.44219104935333975	0.015856153047229773	0.016081597836234605	0.0158278754919675	0.016327102415152485	0.01659308726409531	0.016720856576251435	0.016594878276626014	0.017894756506591645	0.0006757719353981188	0.0006747246598903956	0.0006710005424176202	0.0007276319897151945
1072	0.0001	0.01	0.8	100000	0.0018656716417910447	0.0009328358208955224	0.0009328358208955224	0.0	0.4390700892254696	0.4444415185012162	0.4333363348109568	0.4585724478902072	0.015856153047229773	0.016081597836234605	0.0158278754919675	0.016249782632214833	0.01659308726409531	0.016720856576251435	0.016594878276626014	0.018016864024802678	0.0006757719353981188	0.0006747246598903956	0.0006710005424176202	0.0007420296873655136
1070	0.0001	0.01	0.8	600000	0.04766355140186916	0.04299065420560748	0.04953271028037383	0.3747663551401869	0.4400663897124211	0.44548012887845007	0.43433680380762735	0.5010849570379371	0.015890286663435386	0.016115358150301715	0.015861954382368988	0.016601543287709773	0.01661714074327248	0.01674571412649135	0.016619295256144306	0.02238129460967647	0.0006768146876916715	0.0006757497936971104	0.0006720269717890487	0.0009301629166488468
1069	0.0001	0.05	0.2	20000	0.0	0.0009354536950420954	0.0	0.0	0.43916443473617367	0.4401004996103429	0.4504258400474583	0.37173254794762584	0.013075677366958633	0.01310196637335415	0.013192803472246753	0.012515833387865298	0.03177450960470237	0.031055878619062508	0.032562578342018283	0.022759169740168794	0.00130343954098033	0.0012496924884665922	0.0013154264206512284	0.0009181809000896005
1067	0.0001	0.05	0.2	100000	0.02155576382380506	0.014058106841611996	0.01874414245548266	0.0009372071227741331	0.4382048829441407	0.4392178383935263	0.44924561006640756	0.41653756549684806	0.013085795045439904	0.013113906761606233	0.013196110102866603	0.01293215705588299	0.03170566794232139	0.030982515637580216	0.032504835744879154	0.026827733034657585	0.001304604444238636	0.0012503582548500894	0.0013172435794153562	0.0010506408631996214
1067	0.0001	0.05	0.2	600000	0.3898781630740394	0.3767572633552015	0.40581068416119964	0.3964386129334583	0.4382048829441407	0.4392178383935263	0.44924561006640756	0.5022723621925403	0.013085795045439904	0.013113906761606233	0.013196110102866603	0.013572136678568405	0.03170566794232139	0.030982515637580216	0.032504835744879154	0.037217464102556656	0.001304604444238636	0.0012503582548500894	0.0013172435794153562	0.0013197854034418823
1066	0.0001	0.05	0.8	20000	0.0	0.0	0.0	0.0	0.48718464806331174	0.4816875836808851	0.5073658638805852	0.43510820472885897	0.01337584441640468	0.013304832584652882	0.01328422780272814	0.013128102536344746	0.032591492781219165	0.03234749206152916	0.03465219999183792	0.026604213904458322	0.0012471636701074976	0.0012455619225436618	0.0012780507456522786	0.0010827678246482294
1066	0.0001	0.05	0.8	100000	0.0150093808630394	0.014071294559099437	0.019699812382739212	0.00375234521575985	0.48718464806331174	0.4816875836808851	0.5073658638805852	0.4593078527421041	0.01337584441640468	0.013304832584652882	0.01328422780272814	0.013367711704805735	0.032591492781219165	0.03234749206152916	0.03465219999183792	0.029620499521811124	0.0012471636701074976	0.0012455619225436618	0.0012780507456522786	0.0011423820624966298
1065	0.0001	0.05	0.8	600000	0.40187793427230045	0.39061032863849765	0.4535211267605634	0.504225352112676	0.48718464806331174	0.4816875836808851	0.5073658638805852	0.5302989400106819	0.01337584441640468	0.013304832584652882	0.01328422780272814	0.013543117287263106	0.03261430123663089	0.03236965581627176	0.03467654956586168	0.03771515675222992	0.0012481264892265564	0.0012465346200445074	0.0012790191627766528	0.0012908036888233914
1062	0.0001	0.1	0.2	20000	0.0018832391713747645	0.0018832391713747645	0.0018832391713747645	0.0	0.5619342777114797	0.5658019523153779	0.5857215960502932	0.3297319271622807	0.011826884958416797	0.011933076682741831	0.01178004798831337	0.010954127551371885	0.06983261478257863	0.07093712427315266	0.07475926188029178	0.03213097820570643	0.001920170419164065	0.001971098839471506	0.0020019183668366957	0.0012269082077720577
1062	0.0001	0.1	0.2	100000	0.02824858757062147	0.03389830508474576	0.03954802259887006	0.0009416195856873823	0.5619342777114797	0.5658019523153779	0.5857215960502932	0.3779093448980011	0.011826884958416797	0.011933076682741831	0.01178004798831337	0.011664945173713331	0.06983261478257863	0.07093712427315266	0.07475926188029178	0.03910614218544876	0.001920170419164065	0.001971098839471506	0.0020019183668366957	0.001475790587207879
1062	0.0001	0.1	0.2	600000	0.7664783427495292	0.756120527306968	0.7984934086629002	0.4030131826741996	0.5619342777114797	0.5658019523153779	0.5857215960502932	0.4981625538120376	0.011826884958416797	0.011933076682741831	0.01178004798831337	0.012181881931396837	0.06983261478257863	0.07093712427315266	0.07475926188029178	0.055676222104223176	0.001920170419164065	0.001971098839471506	0.0020019183668366957	0.0016965799411689285
1057	0.0001	0.1	0.8	20000	0.001892147587511826	0.000946073793755913	0.0	0.0	0.5640558741491841	0.5462390663595095	0.6057597200173466	0.36614890559826313	0.011832797966729185	0.01195446642794172	0.011751547499318891	0.01155322163738685	0.06710284878025559	0.06485000548931652	0.07357352257025142	0.036323630863288985	0.0018510007808287467	0.001847491450895876	0.0018813498882190621	0.00134655241109846
1057	0.0001	0.1	0.8	100000	0.04068117313150426	0.03784295175023652	0.05487228003784295	0.002838221381267739	0.5640558741491841	0.5462390663595095	0.6057597200173466	0.41680287479573025	0.011832797966729185	0.01195446642794172	0.011751547499318891	0.011933018077400699	0.06710284878025559	0.06485000548931652	0.07357352257025142	0.042463438456273685	0.0018510007808287467	0.001847491450895876	0.0018813498882190621	0.0014953741317407932
1057	0.0001	0.1	0.8	600000	0.7757805108798487	0.7341532639545885	0.8315988647114475	0.4522232734153264	0.5640558741491841	0.5462390663595095	0.6057597200173466	0.5065372174537616	0.011832797966729185	0.01195446642794172	0.011751547499318891	0.01243023510219185	0.06710284878025559	0.06485000548931652	0.07357352257025142	0.05825472330647586	0.0018510007808287467	0.001847491450895876	0.0018813498882190621	0.0017862027976864188
1057	0.001	0.01	0.2	20000	0.00946073793755913	0.00946073793755913	0.007568590350047304	0.00946073793755913	0.4322944326562259	0.4328050541193908	0.4356914079934602	0.44980548000357584	0.016045925711516446	0.01590421391746339	0.01613908908224017	0.016423965153802383	0.017828273844859892	0.01745639888089928	0.018212543414174213	0.01772739080601098	0.0007557483916998159	0.0007389860075098933	0.000768243314532954	0.0007006524327340163
1056	0.001	0.01	0.2	100000	0.08428030303030302	0.08049242424242424	0.08712121212121213	0.8210227272727273	0.4313354705492264	0.4318469545486466	0.43473818402047615	0.4624986413272991	0.01604432361655269	0.015902167953817575	0.0161381517336119	0.016809516535158088	0.017780762467111796	0.017411284026856797	0.01816539592806372	0.020708715028597564	0.0007549680660345415	0.0007383064214981652	0.000767521693014261	0.0008594149955359103
1056	0.001	0.01	0.2	600000	0.34375	0.3475378787878788	0.35700757575757575	0.9554924242424242	0.4313354705492264	0.4318469545486466	0.43473818402047615	0.5036748576246086	0.01604432361655269	0.015902167953817575	0.0161381517336119	0.016685048094783193	0.017780762467111796	0.017411284026856797	0.01816539592806372	0.02353753024816868	0.0007549680660345415	0.0007383064214981652	0.000767521693014261	0.0009160049236080127
1054	0.001	0.01	0.8	20000	0.008538899430740038	0.006641366223908918	0.009487666034155597	0.011385199240986717	0.44365651354597485	0.44303839680154916	0.4436744460803814	0.46204441742597274	0.016456926270238145	0.016421113692115272	0.016443406449532044	0.017045842710077315	0.018076476148819784	0.017736790888638665	0.01828960826218421	0.018650905207629964	0.00073924777120682	0.0007388880195026764	0.0007464974335481318	0.0007499997523136628
1054	0.001	0.01	0.8	100000	0.08633776091081594	0.08159392789373814	0.1015180265654649	0.8292220113851992	0.44365651354597485	0.44303839680154916	0.4436744460803814	0.48369227485993616	0.016456926270238145	0.016421113692115272	0.016443406449532044	0.016818297019136577	0.018076476148819784	0.017736790888638665	0.01828960826218421	0.0217803377362595	0.00073924777120682	0.0007388880195026764	0.0007464974335481318	0.0009386290162430873
1054	0.001	0.01	0.8	600000	0.3444022770398482	0.372865275142315	0.37855787476280833	0.9620493358633776	0.44365651354597485	0.44303839680154916	0.4436744460803814	0.5050645073283944	0.016456926270238145	0.016421113692115272	0.016443406449532044	0.017221590578318843	0.018076476148819784	0.017736790888638665	0.01828960826218421	0.023989886322233756	0.00073924777120682	0.0007388880195026764	0.0007464974335481318	0.0009966913960372309
1051	0.001	0.05	0.2	20000	0.09800190294957184	0.0922930542340628	0.10941960038058991	0.017126546146527116	0.4176011259529637	0.41336994730862375	0.4286949570800345	0.4177889836624402	0.013077813130246547	0.012958449351483952	0.013159163927584275	0.013109138704162596	0.029816690272432892	0.02965434367084579	0.030915677884888238	0.02857512972922932	0.0011398215402200274	0.0011430728792596575	0.0011663984065374256	0.0011385007681668608
1051	0.001	0.05	0.2	100000	0.527117031398668	0.5204567078972407	0.5594671741198858	0.7783063748810657	0.4176011259529637	0.41336994730862375	0.4286949570800345	0.5246410928158693	0.013077813130246547	0.012958449351483952	0.013159163927584275	0.013571809390734883	0.029816690272432892	0.02965434367084579	0.030915677884888238	0.04049866772440523	0.0011398215402200274	0.0011430728792596575	0.0011663984065374256	0.0013506101142664434
1050	0.001	0.05	0.2	600000	0.8771428571428571	0.8942857142857142	0.9161904761904762	0.8752380952380953	0.4176011259529637	0.41336994730862375	0.4286949570800345	0.6092026771052197	0.013077813130246547	0.012958449351483952	0.013159163927584275	0.013146402795153389	0.02973817206395903	0.029577942693009025	0.030837186271072663	0.05267007894643238	0.001138197387492451	0.0011416034920900533	0.0011648632683070534	0.0015645270591742074
1050	0.001	0.05	0.8	20000	0.08952380952380952	0.08190476190476191	0.10952380952380952	0.02	0.4348766403290817	0.43560879887400294	0.45497638388697326	0.4779418462884634	0.013059448278414291	0.013177773342917542	0.013245723880539283	0.013182871469994422	0.02838338431353557	0.029013679914753076	0.030404224626605917	0.03145234813188928	0.0010979880860519141	0.0011453778681728456	0.001146830927760458	0.0011416497485339362
1050	0.001	0.05	0.8	100000	0.5228571428571429	0.5133333333333333	0.5666666666666667	0.8152380952380952	0.4348766403290817	0.43560879887400294	0.45497638388697326	0.5586927430968575	0.013059448278414291	0.013177773342917542	0.013245723880539283	0.013353006153673571	0.02838338431353557	0.029013679914753076	0.030404224626605917	0.04224470030982904	0.0010979880860519141	0.0011453778681728456	0.001146830927760458	0.0013841970486213513
1049	0.001	0.05	0.8	600000	0.8751191611058151	0.892278360343184	0.9180171591992373	0.8856053384175405	0.4352338527932124	0.4360384733097472	0.4543721448447194	0.6165843075705725	0.013069042922354617	0.013185376338210106	0.01324661240628167	0.013259040410588632	0.028410069064041366	0.029041179366176922	0.030419883783630815	0.05326222326954263	0.0010987106640704316	0.0011461397845174723	0.0011478176962352027	0.001652543589136903
1047	0.001	0.1	0.2	20000	0.2282712511938873	0.2349570200573066	0.28557784145176696	0.017191977077363897	0.5661870167280292	0.5692445269082401	0.5871929062179788	0.41408983257482734	0.01179572407941476	0.011668774443792527	0.011685239893299202	0.011725536789153636	0.06970299955565196	0.06983881849905292	0.07388402913476351	0.04206404087841814	0.0018433595347868007	0.0018521059805367696	0.0019108080519603765	0.0014102488034087796
1047	0.001	0.1	0.2	100000	0.8882521489971347	0.8834765998089781	0.9025787965616046	0.6303724928366762	0.5661870167280292	0.5692445269082401	0.5871929062179788	0.5451359246841866	0.01179572407941476	0.011668774443792527	0.011685239893299202	0.011894686095665519	0.06970299955565196	0.06983881849905292	0.07388402913476351	0.061889008753850464	0.0018433595347868007	0.0018521059805367696	0.0019108080519603765	0.0017112733394432282
1044	0.001	0.1	0.2	600000	0.9904214559386973	0.9913793103448276	0.9942528735632183	0.6695402298850575	0.5658857715735088	0.5689557108386629	0.5869305972709379	0.6336434409126795	0.011802040562490495	0.011674317097990482	0.011692566999718254	0.011485329220320405	0.0696999420946186	0.06985896317899667	0.07390733237776417	0.08110487753146209	0.0018453803513996164	0.0018550227229257388	0.0019135258980952563	0.0019582260822041536
1043	0.001	0.1	0.8	20000	0.22914669223394055	0.21764141898370087	0.26558005752636626	0.031639501438159155	0.5722044638227157	0.5623671395632857	0.6007424097683268	0.4321908337501088	0.011891276151470632	0.01189428357679045	0.011704288980064426	0.011957095821034028	0.07106430018359472	0.06913937578342852	0.07536759537833353	0.04665765394680899	0.0019465186261568652	0.0019157802748187628	0.0019745701255394796	0.0015906958250960649
1042	0.001	0.1	0.8	100000	0.9011516314779271	0.8896353166986565	0.9155470249520153	0.6209213051823417	0.5722028774114352	0.5622186087947904	0.6009899508237813	0.5382980897430917	0.01190311405360396	0.011905196224750496	0.011713320242103604	0.012150448714801088	0.07109586341943394	0.06916029057955098	0.07541745248183092	0.06221209500386038	0.0019481314184841326	0.0019175054409654164	0.0019758358759019343	0.0017695775984141074
1042	0.001	0.1	0.8	600000	0.9904030710172744	0.9904030710172744	0.9961612284069098	0.6477927063339731	0.5722028774114352	0.5622186087947904	0.6009899508237813	0.6261309894257201	0.01190311405360396	0.011905196224750496	0.011713320242103604	0.011993827501350859	0.07109586341943394	0.06916029057955098	0.07541745248183092	0.08152778891037601	0.0019481314184841326	0.0019175054409654164	0.0019758358759019343	0.0020303132277020796
1042	0.01	0.01	0.2	20000	0.16314779270633398	0.16794625719769674	0.16986564299424184	0.9529750479846449	0.42613979390762546	0.4257114179267726	0.43171321739243995	0.4949235456022052	0.017049420677943527	0.016979988939874457	0.017032364180891033	0.017432109520353317	0.016686594552217614	0.016519187264212705	0.0168595345114457	0.02338784932635147	0.0007438751290077996	0.0007302583421152579	0.0007490343610677285	0.0009830068145071037
1042	0.01	0.01	0.2	100000	0.43378119001919385	0.44241842610364684	0.45681381957773515	0.9577735124760077	0.42613979390762546	0.4257114179267726	0.43171321739243995	0.5369365423115877	0.017049420677943527	0.016979988939874457	0.017032364180891033	0.01737898232066009	0.016686594552217614	0.016519187264212705	0.0168595345114457	0.02566399187757325	0.0007438751290077996	0.0007302583421152579	0.0007490343610677285	0.0010189036951728345
1041	0.01	0.01	0.2	600000	0.7050912584053795	0.7070124879923151	0.7310278578290106	0.9586935638808838	0.4268839492117501	0.42645261875763923	0.4324666637329947	0.5394591906107874	0.01706318730414888	0.016993696176308196	0.017045674855072385	0.017263987152239733	0.01670253800061655	0.016534938852663033	0.016875636732592663	0.026946061793782176	0.0007444190084826611	0.0007307901133133532	0.000749580976934084	0.001044008873271934
1040	0.01	0.01	0.8	20000	0.17596153846153847	0.17115384615384616	0.18653846153846154	0.9634615384615385	0.4277356676090508	0.4292764769224024	0.42614290842423513	0.47793679273844847	0.016362362842204863	0.01640588094864997	0.016480221182506333	0.016738689359136347	0.017339660268822034	0.017255289237437292	0.017050105299992895	0.02189384130692605	0.0007278773892385222	0.0007392929943403712	0.0007129459924447521	0.0008914916147470304
1039	0.01	0.01	0.8	100000	0.480269489894129	0.5043310875842156	0.5110683349374399	0.9672762271414822	0.42755133264809475	0.4285060321232786	0.4259106541454139	0.5127348322807622	0.016389558010040786	0.016416059534564223	0.016507020419349323	0.01679952137981684	0.017335831166813653	0.01723827401115947	0.01704499203502073	0.023953361873778393	0.0007285682008747123	0.0007398088581042821	0.0007136141536434659	0.0009271857456509731
1037	0.01	0.01	0.8	600000	0.7685631629701061	0.76374156219865	0.789778206364513	0.9672131147540983	0.42676543522665644	0.4277686044150122	0.4251112695442588	0.5410128319371352	0.01639900340167195	0.01642783644803901	0.01651615389822138	0.016940254597803975	0.01733110137755841	0.0172339572908642	0.01703886073817403	0.02541754724839658	0.0007297446549737983	0.0007410343549295289	0.0007147586034232361	0.000981969305061186
1036	0.01	0.05	0.2	20000	0.6853281853281853	0.6901544401544402	0.7374517374517374	0.8764478764478765	0.4140193915537595	0.4058637085542449	0.42631289079726903	0.5469968409354188	0.013327782059119124	0.013247505011653837	0.013313369004409955	0.01369741810709837	0.02819870123130827	0.027627762405705632	0.02925982792035811	0.04349989091680544	0.0011151741780268416	0.0010782915424894406	0.0011179198905293397	0.0014015060867184341
1034	0.01	0.05	0.2	100000	0.9042553191489362	0.9274661508704062	0.9477756286266924	0.879110251450677	0.41379013984535146	0.4056154240825492	0.42610542221463055	0.6024719230569363	0.013332910214243985	0.01325208514609634	0.013318947888599041	0.01354088048585025	0.028107910411907504	0.027561871234865615	0.02917059876056044	0.05227558067534832	0.0011107683489565753	0.001076093547333077	0.001113578485417697	0.0015459121191428486
1032	0.01	0.05	0.2	600000	0.9602713178294574	0.9854651162790697	0.9883720930232558	0.8798449612403101	0.41425827123237546	0.4060820020664837	0.4265883203677832	0.6341331359568222	0.013340656685555138	0.013259739415352705	0.013326140821434003	0.013419860872938947	0.02815804908166072	0.02760834411429057	0.0292230726244185	0.05777476894396086	0.0011123554483493073	0.0010776731864695524	0.0011151186552559832	0.001673025695391259
1030	0.01	0.05	0.8	20000	0.6932038834951456	0.6990291262135923	0.7456310679611651	0.8699029126213592	0.43576724865411415	0.43205707498054197	0.45465566410647607	0.5535904948060595	0.013272173762153991	0.013287470927089986	0.013339597796269769	0.013705401959924549	0.03214191586047511	0.03170250968153447	0.033479416785362634	0.04639871578465316	0.0013098256838494323	0.0013078101200944125	0.0013221878247956286	0.0015320989697896325
1029	0.01	0.05	0.8	100000	0.9154518950437318	0.9446064139941691	0.9523809523809523	0.8707482993197279	0.43510886738066507	0.43139436444959744	0.45401932299108105	0.593021243897758	0.013271310580147622	0.013286428727839066	0.013339968226855422	0.013431969205731604	0.032165450935187745	0.031723662528150356	0.03350416618475003	0.05497713004706544	0.0013108875513097203	0.0013089104475288757	0.0013232414931626895	0.001679794007929794
1026	0.01	0.05	0.8	600000	0.9639376218323586	0.9785575048732943	0.9873294346978557	0.8713450292397661	0.4345522091906832	0.43079491517513635	0.45357787195210264	0.6249229074950794	0.013285514604432155	0.013300713835314771	0.01335878734444868	0.013356103949740877	0.032127360502778084	0.03172394416534535	0.033543194036522686	0.06144583127521866	0.0013136388901404928	0.001311906000979455	0.0013266639041752987	0.0017961681397482346
1023	0.01	0.1	0.2	20000	0.9608993157380255	0.9530791788856305	0.9618768328445748	0.6744868035190615	0.570140173450916	0.5736114454393241	0.5968267580848851	0.5873740278178522	0.01214489745928239	0.012274134817823319	0.012107845163423636	0.012183859351710506	0.07137676530438936	0.0713403395266893	0.07514010936484053	0.0728716235685357	0.0020054195571643837	0.002020948830712285	0.0020554915987969044	0.0019577389716378137
1022	0.01	0.1	0.2	100000	0.9941291585127201	0.9951076320939335	0.99706457925636	0.6731898238747553	0.5697019881027519	0.5731767985947157	0.5964157761869084	0.656606329801798	0.012149368438905584	0.0122789470244613	0.012113209614862237	0.011993265587395266	0.0711880215970826	0.07117398414380094	0.0749895532309105	0.08799688207870783	0.0019984723185339443	0.0020160620803537825	0.002051977205221818	0.002200861579726447
1019	0.01	0.1	0.2	600000	0.9970559371933267	1.0	1.0	0.6741903827281649	0.5695769168438484	0.5732023494110117	0.5963291356964718	0.7011031007484253	0.01216218686511455	0.01228763653981654	0.012126583490015963	0.01140174430979743	0.07126814195698206	0.07127203426443926	0.07509470612578542	0.10040749346818485	0.002002884871872439	0.0020201853840357063	0.0020565552596699768	0.0023577993281250604
1017	0.01	0.1	0.8	20000	0.960668633235005	0.9547689282202556	0.967551622418879	0.6588003933136677	0.5650145821972247	0.5589099553148327	0.607501680949114	0.5750711422030074	0.011947411401321845	0.012072940907586737	0.011865593707828396	0.012607846134055715	0.06867534093499035	0.06789623618646405	0.0755302317331644	0.06937683335780298	0.0018750287288444038	0.0018784099780018645	0.001937623384537351	0.0019360047383349267
1013	0.01	0.1	0.8	100000	0.9911154985192497	0.9950641658440277	0.9970384995064165	0.6604146100691016	0.5646881984911716	0.5587319164829906	0.607289620806635	0.6192928054330589	0.011966477103009738	0.012090985262744401	0.011885075579255054	0.012424476657339974	0.06858539988550454	0.06784637731289964	0.07543863656650274	0.0830599224725471	0.001878335740467412	0.0018821289319224902	0.0019405969542165599	0.00221519118327617
1013	0.01	0.1	0.8	600000	0.9970384995064165	1.0	1.0	0.6574531095755183	0.5646881984911716	0.5587319164829906	0.607289620806635	0.6442510335583483	0.011966477103009738	0.012090985262744401	0.011885075579255054	0.012506853355433343	0.06858539988550454	0.06784637731289964	0.07543863656650274	0.08953358141152726	0.001878335740467412	0.0018821289319224902	0.0019405969542165599	0.0023181647582826677
