NUM_GENES	H2GE	EQTL_H2	CORRELATION	NUM_GWAS	LASSO_POWER	PRSCSx_POWER	MAGEPRO_POWER	METRO_POWER	LASSO_ACCURACY	PRSCSx_ACCURACY	MAGEPRO_ACCURACY	METRO_ACCURACY	LASSO_SEM	PRSCSx_SEM	MAGEPRO_SEM	METRO_SEM	LASSO_R2	PRSCSx_R2	MAGEPRO_R2	METRO_R2	LASSO_R2_SEM	PRSCSx_R2_SEM	MAGEPRO_R2_SEM	METRO_R2_SEM
0	0	0.01	0.2	20000																				
0	0	0.01	0.2	100000																				
0	0	0.01	0.2	600000																				
987	0	0.01	0.8	20000	0.0	0.0	0.0	0.0	0.28521124095445244	0.27895431801963677	0.2735757422984068	0.3029120563170341	0.014388534936791866	0.014126706451163986	0.014190113935752775	0.015345753067825317	0.007050610960995322	0.00682012416808974	0.006928024610135772	0.007850934753032942	0.0003097914877700402	0.0003022828988198524	0.00030909777035832844	0.00035031491729430644
987	0	0.01	0.8	100000	0.0	0.0	0.0	0.0	0.28520767411808035	0.2789718800169293	0.27357744871796036	0.2868494994516606	0.014388660771345006	0.014126080550900018	0.014190055394294814	0.014740649352912452	0.0070507177438700235	0.006820972682596973	0.0069283336657131435	0.0072942015453548725	0.0003097892616318718	0.0003022648107441722	0.000309091430955084	0.00031761885470033604
988	0	0.01	0.8	600000	0.0	0.0	0.0	0.0	0.28470370446754595	0.2784614893995289	0.273091568380725	0.267985924685553	0.0143710746996335	0.014109371738562786	0.01417232601086456	0.01448109451322665	0.0070442191227590755	0.006814117793462361	0.006921851768647886	0.007902349043224831	0.0003095437750712462	0.00030203651752532245	0.0003088464536055906	0.0003800200867240783
0	0	0.05	0.2	20000																				
0	0	0.05	0.2	100000																				
0	0	0.05	0.2	600000																				
960	0	0.05	0.8	20000	0.0	0.0	0.0	0.0	0.3890073278103264	0.3876099330521505	0.4217844437616892	0.32350334849402496	0.013039359553188225	0.0130020060791372	0.013316398021871451	0.012252187981267605	0.02009248380499064	0.01976292664571329	0.02282575529928723	0.014296665905606819	0.000781909164628706	0.0007606103371715406	0.0008478732101659136	0.0005685880921798229
962	0	0.05	0.8	100000	0.0010395010395010396	0.0010395010395010396	0.0010395010395010396	0.0	0.3884887304413591	0.3869806920485693	0.4212255630439408	0.32595568827593024	0.013013036045246788	0.012977445505997299	0.013290284544297279	0.01189195349435873	0.020081699647468896	0.019745566626439035	0.02281210801403208	0.01483732740379877	0.0007803705958977204	0.0007591332087928784	0.0008462220827340906	0.0005890205269312148
961	0	0.05	0.8	600000	0.0	0.0	0.0	0.0	0.3888723455271357	0.3873490038860875	0.421663121936656	0.3127690845052358	0.013023589045830428	0.012988382702617624	0.013299631799272545	0.012079820325973599	0.020098930382123147	0.019761956318281707	0.022832662099622453	0.014324283615561713	0.0007809926087421582	0.0007597464294908438	0.0008468531871995384	0.00058808494998411
0	0	0.1	0.2	20000																				
0	0	0.1	0.2	100000																				
0	0	0.1	0.2	600000																				
816	0	0.1	0.8	20000	0.0	0.0	0.0	0.0	0.6379923378732458	0.6182862520668312	0.6768198157660019	0.3571905061509881	0.01207277820390663	0.01218778470561883	0.011804962524393833	0.011727244541742765	0.0620775144146184	0.05909597499077596	0.0677591788443186	0.029242067978763452	0.0014855419011493127	0.0014875074979705035	0.001549484682224779	0.0010412911751024583
817	0	0.1	0.8	100000	0.0	0.0	0.0	0.0	0.6380243374725573	0.6184828633351565	0.6769813240476247	0.3518756537272027	0.012057670041515742	0.0121782421331212	0.011781930380736647	0.011655539095965551	0.062029975474401165	0.05909496271075445	0.06773572207680398	0.02890771892518243	0.001481409402988894	0.0014851700753153354	0.001546090944306981	0.0010463321231594406
819	0	0.1	0.8	600000	0.0	0.0	0.0	0.0	0.6367870908228526	0.6167965907901383	0.6755566718490361	0.3623062820666238	0.012053148434893503	0.012180143315883346	0.011784214935252122	0.011592692929689497	0.061983761567921604	0.05898005958811493	0.06766376494365378	0.029650721248931217	0.0014801964429928237	0.0014833097943296153	0.0015445634823477933	0.0010497031674019102
0	0.0001	0.01	0.2	20000																				
0	0.0001	0.01	0.2	100000																				
0	0.0001	0.01	0.2	600000																				
991	0.0001	0.01	0.8	20000	0.0	0.0	0.0	0.0010090817356205853	0.3139244839313259	0.3150218200915581	0.31095366680233	0.3127636264570213	0.015303496045310757	0.015343128621900065	0.015152736956309278	0.015291314717275548	0.007459337730044188	0.007489941693674242	0.0074536213152530915	0.008324289686184256	0.00033819882462996637	0.00033318048002921406	0.00034141691746279295	0.00038093428878851825
991	0.0001	0.01	0.8	100000	0.0010090817356205853	0.0010090817356205853	0.0010090817356205853	0.0	0.3139244839313259	0.3150218200915581	0.31095366680233	0.33868775306356425	0.015303496045310757	0.015343128621900065	0.015152736956309278	0.015914091408481112	0.007459337730044188	0.007489941693674242	0.0074536213152530915	0.008676379907703728	0.00033819882462996637	0.00033318048002921406	0.00034141691746279295	0.00037115026469743947
990	0.0001	0.01	0.8	600000	0.051515151515151514	0.04141414141414142	0.048484848484848485	0.44646464646464645	0.3143918392333218	0.31553880337892304	0.3114171721514012	0.35873833692688695	0.015324296647647234	0.015362424419922052	0.015173309544887893	0.01596672651803733	0.007463012439744066	0.007495389819974386	0.007457347738892915	0.010054687355355954	0.0003385206277105517	0.0003334726045698036	0.0003417416000463018	0.00040611508923773946
0	0.0001	0.05	0.2	20000																				
0	0.0001	0.05	0.2	100000																				
0	0.0001	0.05	0.2	600000																				
964	0.0001	0.05	0.8	20000	0.0	0.0	0.0	0.0	0.3857365410762439	0.38521491664187985	0.4190860558569665	0.3511558254861516	0.012940006366246256	0.012959271914549549	0.013281418075157585	0.012328228937829208	0.019720232319570992	0.019364811451970488	0.022442614471564915	0.01611171227126568	0.0007517280974555958	0.0007303564809453264	0.0007996382745369308	0.0005957203535438379
965	0.0001	0.05	0.8	100000	0.017616580310880828	0.013471502590673576	0.02072538860103627	0.0010362694300518134	0.3867954638355797	0.386311015539508	0.42012237480181736	0.41571943511403675	0.01294178953902925	0.012959786675416883	0.013278817722144998	0.012967290187890104	0.01974912472380674	0.019388211063628584	0.022469073709693723	0.020793452304606143	0.0007516290562982242	0.0007299109027354539	0.0007993262454730134	0.0007031557675340763
964	0.0001	0.05	0.8	600000	0.3900414937759336	0.3962655601659751	0.46473029045643155	0.5601659751037344	0.3849521142817361	0.384675216538167	0.41828394658604373	0.5562772862729752	0.01294167565229013	0.012972063852062838	0.0132851852709659	0.012809686205552	0.019644166431858054	0.019296808454235714	0.022360870408155573	0.031055257966575246	0.0007496726785518406	0.0007287991853272378	0.0007976772625375223	0.0008327170997936361
0	0.0001	0.1	0.2	20000																				
0	0.0001	0.1	0.2	100000																				
0	0.0001	0.1	0.2	600000																				
786	0.0001	0.1	0.8	20000	0.002544529262086514	0.002544529262086514	0.005089058524173028	0.001272264631043257	0.6409657172639638	0.6240029114062332	0.6820192663674246	0.42264269080288874	0.01241747221844338	0.012716799099030646	0.012142325692989153	0.012656879401400195	0.06293932273890535	0.060640814199666916	0.0694549405415777	0.03381291164952888	0.001551846874366719	0.001540378620582017	0.0015959930170635602	0.001099911020763823
788	0.0001	0.1	0.8	100000	0.05710659898477157	0.050761421319796954	0.06725888324873096	0.005076142131979695	0.6400434288629812	0.6220137474539692	0.6799075586420618	0.5224660393051699	0.012395276890245078	0.012694456822070386	0.01213982859577971	0.012597233849270736	0.06276398244787883	0.06041105365016048	0.06922485681662255	0.04288187090167932	0.001543260701644894	0.0015332320392818911	0.001591842591765572	0.0011807213421466893
782	0.0001	0.1	0.8	600000	0.80306905370844	0.7864450127877238	0.8491048593350383	0.670076726342711	0.641571639257052	0.6242447232405358	0.6824728070281292	0.6688585723880142	0.012434808623616565	0.012723462553956752	0.012175562201063332	0.011512075925790762	0.06303122169919766	0.060680656808783165	0.06952928084200184	0.062104922887352455	0.0015544064070100324	0.0015406013277653719	0.0015992594490484102	0.001299733117484771
0	0.001	0.01	0.2	20000																				
0	0.001	0.01	0.2	100000																				
0	0.001	0.01	0.2	600000																				
988	0.001	0.01	0.8	20000	0.005060728744939271	0.004048582995951417	0.006072874493927126	0.008097165991902834	0.32812804554337915	0.32614330582501666	0.3295405680773935	0.3465458903204416	0.015926238808923826	0.016034830118017197	0.01593232753524441	0.01588663731263832	0.007044327147064226	0.007110990484798757	0.0069308127046856126	0.008906184006052269	0.00031814591985370377	0.00032002804112825475	0.0003101057053076092	0.0003776194199906843
990	0.001	0.01	0.8	100000	0.10909090909090909	0.10303030303030303	0.1111111111111111	0.8757575757575757	0.32727093047616934	0.3252663691644232	0.3286876438729183	0.41592453246700073	0.015880570701972803	0.01598927192832314	0.01588695021498374	0.017038406828858016	0.007040009613538956	0.007105939815360984	0.00692715581898847	0.01113173332464337	0.00031758555163968185	0.0003194688009188801	0.00030957509461741083	0.0004463072528599342
990	0.001	0.01	0.8	600000	0.42424242424242425	0.42525252525252527	0.4494949494949495	1.0	0.32727093047616934	0.3252663691644232	0.3286876438729183	0.44827203665359167	0.015880570701972803	0.01598927192832314	0.01588695021498374	0.017519000369266312	0.007040009613538956	0.007105939815360984	0.00692715581898847	0.013931444301389682	0.00031758555163968185	0.0003194688009188801	0.00030957509461741083	0.0005269427504776642
0	0.001	0.05	0.2	20000																				
0	0.001	0.05	0.2	100000																				
0	0.001	0.05	0.2	600000																				
956	0.001	0.05	0.8	20000	0.08786610878661087	0.0794979079497908	0.11506276150627615	0.027196652719665274	0.4131605375343925	0.41197034998573484	0.439797570759843	0.4754905753615546	0.013055685991911788	0.013123439886851917	0.01327007538608645	0.013040907157897793	0.020921389953544752	0.02033717114348664	0.02287549900042936	0.02395819940928983	0.000765381683306009	0.0007451395822723129	0.0008170166730050863	0.0007706976636252146
954	0.001	0.05	0.8	100000	0.550314465408805	0.5450733752620545	0.60062893081761	0.9423480083857443	0.41414728663812894	0.412958191362068	0.44083318619987516	0.6062255173414769	0.013069919428329024	0.01313788327627671	0.01328330308681846	0.012802418688944127	0.020959186864893432	0.020374419998386562	0.022914893122869283	0.034552752967634395	0.0007665142602980452	0.0007462267362017818	0.0008182534359898007	0.0008906012688194224
955	0.001	0.05	0.8	600000	0.8806282722513089	0.8973821989528796	0.9214659685863874	1.0	0.4134604376617564	0.4122636228548828	0.44023482900483124	0.7005772853300548	0.013068690013440224	0.013136697108646648	0.013279583845301708	0.011917354149412019	0.020927545415756983	0.02034234843389828	0.022891118065128124	0.04530685202659696	0.0007661587716374478	0.0007459022369020014	0.0008177231698279185	0.0009734536266640145
0	0.001	0.1	0.2	20000																				
0	0.001	0.1	0.2	100000																				
0	0.001	0.1	0.2	600000																				
807	0.001	0.1	0.8	20000	0.20693928128872366	0.21189591078066913	0.265179677819083	0.04708798017348203	0.6248100311605399	0.6057215041053243	0.6579668087365154	0.5728276270375754	0.012387288635375282	0.012600502466952683	0.012289028511066813	0.012066169134823407	0.05854930845188363	0.05666944676169734	0.06410859067136886	0.048983577894806535	0.0014839172135761517	0.001492767171669803	0.0015326815973009402	0.0011805709442530073
799	0.001	0.1	0.8	100000	0.8961201501877347	0.8823529411764706	0.9236545682102628	0.9699624530663329	0.6241517129692471	0.604810103236765	0.6573288515595922	0.6927857407883149	0.012477064385523786	0.012690682913608621	0.012377277704960802	0.011401545757384696	0.05829739048758075	0.056413003586702086	0.06388591349024478	0.06437167039279328	0.0014878943044836408	0.001497030762344663	0.0015378208892868738	0.001311012639870229
804	0.001	0.1	0.8	600000	0.9925373134328358	0.996268656716418	0.9975124378109452	1.0	0.6246099478330263	0.6055883734616766	0.657598249580881	0.7968864165067596	0.012406631641120516	0.012620759781407948	0.01231077763654359	0.009513083144089976	0.0584672195619961	0.05658118675790945	0.06401856108481664	0.08447078433292281	0.0014871602929218159	0.0014960651253723217	0.0015351074637419584	0.001438190929956792
0	0.01	0.01	0.2	20000																				
0	0.01	0.01	0.2	100000																				
0	0.01	0.01	0.2	600000																				
999	0.01	0.01	0.8	20000	0.1871871871871872	0.1891891891891892	0.2092092092092092	0.996996996996997	0.32572056349991707	0.3198069227178279	0.32148286118572533	0.4487234866407352	0.015495933420597234	0.015436277895047016	0.015411326677400385	0.016842869909133144	0.007245517233693395	0.007191558829835809	0.007306315520821065	0.013036240308900722	0.0003120678415285048	0.00031445361351288656	0.0003106292091852535	0.0004708074985344669
1000	0.01	0.01	0.8	100000	0.483	0.505	0.521	0.998	0.32513851499933016	0.3192370415564346	0.3209080852370509	0.45534473486948696	0.01547826433379891	0.015418306738645879	0.015393600631808486	0.01691127721945331	0.007238820823754759	0.007184952862527787	0.007299542456990759	0.014250440699762876	0.0003118275275643472	0.00031420845263182195	0.00031039233073886874	0.0005119364220701957
996	0.01	0.01	0.8	600000	0.7550200803212851	0.785140562248996	0.786144578313253	1.0	0.3269593232418892	0.32112129015380153	0.3226954743898419	0.4731614270980452	0.015564092361780319	0.015501605185775348	0.015479594600279412	0.017078255444950168	0.007257467027866499	0.007207515304379441	0.007318377781077241	0.015345123458374785	0.0003128816330207889	0.0003152574449259165	0.0003114356714801992	0.0005428486506451751
0	0.01	0.05	0.2	20000																				
0	0.01	0.05	0.2	100000																				
0	0.01	0.05	0.2	600000																				
945	0.01	0.05	0.8	20000	0.7121693121693121	0.7248677248677249	0.7566137566137566	1.0	0.3950247898937384	0.3922046385568366	0.42411806618627274	0.6523505209384254	0.01333378083555159	0.013248208009795339	0.013516252262574512	0.012540165227364676	0.020658800007704082	0.02058394769689279	0.022844025528639796	0.03886334204687287	0.0008031729654869702	0.0007942920764985051	0.000859689360919173	0.0009460496138660894
943	0.01	0.05	0.8	100000	0.9013785790031813	0.936373276776246	0.9501590668080594	1.0	0.39530466504897716	0.39239816574942715	0.4233469338358305	0.7209417679837856	0.01331565779230377	0.013231782936033162	0.013493131553909023	0.011425085064862056	0.02060709237360328	0.020528417070583147	0.022773347859388733	0.04713409108107836	0.0008000644501873221	0.0007908506525817036	0.0008566871990521674	0.0010578758143151385
936	0.01	0.05	0.8	600000	0.9529914529914529	0.9797008547008547	0.9839743589743589	1.0	0.39543190820762675	0.3927976771855815	0.42376038184854187	0.7562355449226003	0.013346243912572185	0.013277761545055935	0.01353814799940985	0.011020916916904322	0.020607303019385834	0.02055241648078541	0.0227994110198885	0.05271286835682975	0.0008037769053117372	0.0007957766867133855	0.0008619577477203212	0.0011151515682776886
0	0.01	0.1	0.2	20000																				
0	0.01	0.1	0.2	100000																				
0	0.01	0.1	0.2	600000																				
802	0.01	0.1	0.8	20000	0.9600997506234414	0.9588528678304239	0.9713216957605985	1.0	0.6401224846257535	0.6218079543985089	0.681361940151478	0.7544652750650249	0.012462979876390294	0.01267478206714375	0.01219747011114064	0.010552607424112532	0.06163186272937019	0.059320262085759065	0.06795922876202205	0.07569157110211189	0.001512416958151342	0.001511576502021068	0.0015745401943930862	0.001410297786573403
804	0.01	0.1	0.8	100000	0.9900497512437811	0.9975124378109452	0.9987562189054726	1.0	0.6384333839459417	0.6201119319210929	0.6801126968081023	0.8209928239941755	0.012449879034345267	0.012652505926415326	0.01218343386715042	0.009216425604496148	0.061434167718531905	0.05912001165388678	0.06778595056162895	0.09103291877039156	0.0015088951832755919	0.0015092244064424038	0.0015714073546528918	0.0015393926314207346
805	0.01	0.1	0.8	600000	0.9950310559006211	1.0	1.0	1.0	0.6410764416800592	0.6226403785652881	0.6830527026457798	0.8588371547518362	0.012440418659178769	0.012644971025064894	0.012161646349867557	0.008255772189597377	0.06148011943289125	0.05918264013199821	0.06789594563110063	0.10186532086771297	0.0015057703861105975	0.001505323064322957	0.0015677797618782272	0.0015994524490898585
