NUM_GENES	H2GE	EQTL_H2	CORRELATION	NUM_GWAS	LASSO_POWER	PRSCSx_POWER	MAGEPRO_POWER	METRO_POWER	LASSO_ACCURACY	PRSCSx_ACCURACY	MAGEPRO_ACCURACY	METRO_ACCURACY	LASSO_SEM	PRSCSx_SEM	MAGEPRO_SEM	METRO_SEM	LASSO_R2	PRSCSx_R2	MAGEPRO_R2	METRO_R2	LASSO_R2_SEM	PRSCSx_R2_SEM	MAGEPRO_R2_SEM	METRO_R2_SEM
970	0	0.01	0.2	20000	0.0	0.0	0.0	0.0	0.46937868699285723	0.4720361252731307	0.47469462169681115	0.4614454720771491	0.017867423905092404	0.017987107577122352	0.018021214403937412	0.017281518542766362	0.018291663968080386	0.01809404285531638	0.01829456499241762	0.016747516015760612	0.0007750506743861327	0.0007704957758694549	0.0007731116999324274	0.0007360108114949278
971	0	0.01	0.2	100000	0.0	0.0	0.0	0.0	0.46868699287179244	0.4713523432220317	0.4739938216689269	0.43977395959897425	0.017846105793326707	0.01796516479878544	0.0179998352547894	0.017145705670800104	0.01828339917532076	0.01808661062974665	0.018286355741324527	0.01687298226003577	0.0007742961747320296	0.0007697377412251356	0.0007723587164759956	0.0007657502376637789
968	0	0.01	0.2	600000	0.0	0.0	0.0	0.0	0.47070964864208653	0.47344539091090776	0.47604192161156944	0.446106230296998	0.017911771356980775	0.01802878415856375	0.018065775087061545	0.017630868603384194	0.01829647267491015	0.018102107033234956	0.01829908493731762	0.017484976590457738	0.0007766001629870859	0.0007719854494664116	0.000774658336948049	0.00075286070931323
969	0	0.01	0.8	20000	0.0010319917440660474	0.0010319917440660474	0.0010319917440660474	0.0	0.42395270582192435	0.4221637267213934	0.429291165060579	0.449823710721392	0.017577197385572094	0.017723462263289455	0.01763731839658561	0.01733649253290784	0.01621196067801942	0.016101121253441743	0.01622119159317279	0.018566128537023233	0.0007561498397579388	0.000763025136772371	0.0007419977945693276	0.0007849737981326
969	0	0.01	0.8	100000	0.0	0.0	0.0	0.0	0.42395270582192435	0.4221637267213934	0.429291165060579	0.43946411756257	0.017577197385572094	0.017723462263289455	0.01763731839658561	0.017801276570595787	0.01621196067801942	0.016101121253441743	0.01622119159317279	0.017957424174841072	0.0007561498397579388	0.000763025136772371	0.0007419977945693276	0.0008006014954077283
967	0	0.01	0.8	600000	0.0	0.0	0.0	0.0	0.42458854051174055	0.42277693075840816	0.42995162072130855	0.4633608663567744	0.01763841321674146	0.01778587867708181	0.01769830534194608	0.017670941847521573	0.016202879199127013	0.016091158688594686	0.016212294963981456	0.018517026523249352	0.0007576379881051803	0.0007645303870038597	0.0007434549318917173	0.0008138957975576921
867	0	0.05	0.2	20000	0.0	0.0	0.0	0.0	0.48587360486042847	0.4795326762385127	0.49483344816403646	0.40643084696536486	0.014938617295895375	0.015028874178060272	0.015095260534484057	0.014505894513683892	0.030317341825150838	0.02986497533045799	0.031075862262203355	0.021304761211905214	0.0012701482579594789	0.0012712126847120157	0.0012828006216916734	0.000981160534207865
869	0	0.05	0.2	100000	0.0	0.0	0.0	0.0	0.4852758902504714	0.47896657882646276	0.49414779363337114	0.41847553160507506	0.014942597229141642	0.015028575462267662	0.01509917718739046	0.014508911910226376	0.030276152199347397	0.029823443513957992	0.031027183347384378	0.023145085266062165	0.0012691201402458161	0.0012698733918885432	0.001281598673333991	0.0010173515184595174
869	0	0.05	0.2	600000	0.0	0.0	0.0	0.0	0.48422659001875484	0.4779363949477958	0.49319402267119056	0.37515243077904126	0.014929646020865942	0.0150153369953427	0.015086309097097142	0.014085667014211115	0.030235290092208163	0.02978489058009273	0.030996067913074053	0.01946650614892522	0.0012680038615270933	0.0012688819441678187	0.0012806877584882605	0.0008690521428194388
898	0	0.05	0.8	20000	0.0	0.0	0.0	0.0	0.478784310075926	0.4708194266521092	0.4904621046776621	0.40201897345103893	0.01503264395712912	0.015038612669442333	0.015288221180530895	0.014384552716135224	0.031791662916369215	0.03146369315293332	0.033144015727477584	0.023453604055031593	0.0013377440372908337	0.0013288095981515754	0.0013756525033126066	0.001038433695623135
899	0	0.05	0.8	100000	0.0	0.0	0.0	0.0	0.47914488885011275	0.47117710642292543	0.4907502496658479	0.4146434332581297	0.015037262182094144	0.01504582856626469	0.015292488140287165	0.014704705755876544	0.03193300519018481	0.031609085590940784	0.033279035281328744	0.02492966588882271	0.001347010673703318	0.0013390585713826855	0.001384388731244726	0.0011590923124116114
900	0	0.05	0.8	600000	0.0	0.0	0.0	0.0	0.4790181599452752	0.47098923014135263	0.49064898087437625	0.4242732426121186	0.015016602761726046	0.015025796923055324	0.015271270012033721	0.014307987227782785	0.03193989704857033	0.03161074278502083	0.033287663364361494	0.02527974833050319	0.001345530813055768	0.0013375709276237798	0.001382876582584444	0.0011448669020490169
672	0	0.1	0.2	20000	0.0	0.0	0.0	0.0	0.6186827571986622	0.6267210681833004	0.6385358523074375	0.3547371089143101	0.014937117495420394	0.014897846412184461	0.014746199303418065	0.014188260615023046	0.06592801683135416	0.06776319128324083	0.06962786086526197	0.02957697861036129	0.0022574527138856074	0.002323738493887458	0.0023364834578259216	0.0014664563747297423
675	0	0.1	0.2	100000	0.0	0.0	0.0	0.0	0.6178972444865123	0.6258546033461733	0.6377573229601277	0.3489548253380412	0.014906207776033083	0.014875129064107892	0.014720210343248035	0.014113457758404379	0.06582850685827585	0.06772922813689343	0.06958786260022366	0.027725816524259848	0.00225008717968227	0.0023192435982355886	0.0023312216710088436	0.0013809600350215762
672	0	0.1	0.2	600000	0.0	0.0	0.0	0.0	0.6161483050737706	0.6240382367820454	0.636175221764035	0.3541606339720674	0.0149729254806782	0.014945278864861397	0.01478989714147716	0.014248812956339858	0.0655401935230717	0.06750440600193637	0.06929721121370326	0.028355637303534638	0.002255582362089905	0.0023271705662059657	0.0023367646566784944	0.001456124039555674
670	0	0.1	0.8	20000	0.0	0.0	0.0	0.0014925373134328358	0.616676794712255	0.6078242535941749	0.6539675161610097	0.4166484740994977	0.014836272363782951	0.014939108982531807	0.014655192388755525	0.01474425568581672	0.07065322995605482	0.06845950588629447	0.0771397948512262	0.038813599130850834	0.0024333956653588367	0.0023830239860820946	0.0025245900303828284	0.0017447001406684338
672	0	0.1	0.8	100000	0.0	0.0	0.0	0.001488095238095238	0.6151976224525243	0.6062042224141436	0.6524532528556759	0.40283009082190663	0.014839937576145587	0.014941112077714867	0.014660277636019967	0.01455929608659169	0.07021888822849111	0.06809185083654315	0.07682415383837429	0.03728403409407875	0.002425788034274947	0.0023753462112582812	0.002519247963795178	0.0017099134684141117
672	0	0.1	0.8	600000	0.0	0.0	0.0	0.001488095238095238	0.6149081270678137	0.6060180594620436	0.6522918993664174	0.4253496921483006	0.014841057180167714	0.014941691154484026	0.014658390660394805	0.014706338603410866	0.07047130170993025	0.06834798033886653	0.07709380665623862	0.040088971857929624	0.0024294176296385337	0.002379044464119198	0.002521728659668165	0.0018031392198225495
971	0.0001	0.01	0.2	20000	0.0	0.0	0.0	0.0	0.4282464726193089	0.43452852271552894	0.44207515464429425	0.4234389056031127	0.01714704839349969	0.017221324128658573	0.017214561774667837	0.017176529747485295	0.016820847395368852	0.01691925988943804	0.017172245331425706	0.017590383429338365	0.0007674832561641949	0.0007639972368212542	0.0007695113857251456	0.0007859670291193818
969	0.0001	0.01	0.2	100000	0.0020639834881320948	0.0010319917440660474	0.0020639834881320948	0.0010319917440660474	0.42973016445744916	0.4360234195532419	0.4436108207097109	0.41947685644534516	0.017179264630269364	0.01725342844916177	0.01724487180937546	0.016822790324303206	0.01685464858013807	0.016953167671705086	0.01720677100871252	0.017290540399452315	0.0007686952374590787	0.0007651979054635028	0.0007707124311453398	0.0007797805041160542
970	0.0001	0.01	0.2	600000	0.0443298969072165	0.04639175257731959	0.049484536082474224	0.3824742268041237	0.42897741659858873	0.4352779633253785	0.44283222021400104	0.47224120908938044	0.01716369429633481	0.017237379951653566	0.017230263855825812	0.01760682961898314	0.016836134483677274	0.016934834001003103	0.01718789823223574	0.02081801871081993	0.0007681224644591355	0.0007646263495890447	0.0007701457245086568	0.0008724591137256949
965	0.0001	0.01	0.8	20000	0.0	0.0	0.0	0.0	0.4604662257449653	0.46450455325716505	0.4561569654909052	0.464320769784829	0.017150621944492826	0.017330280230161265	0.01712333526225686	0.01764559113977069	0.016786478341632622	0.016898900009367224	0.016848194154859043	0.017641585801085945	0.0007284056195839287	0.0007284065401118291	0.0007236962980979306	0.0007591549214955802
967	0.0001	0.01	0.8	100000	0.002068252326783868	0.001034126163391934	0.001034126163391934	0.0	0.4596110608432707	0.4636439223403187	0.45530978362727165	0.4758534006576079	0.017140060343929942	0.017319434113486836	0.017112461330245063	0.01751749593355443	0.016757412655167354	0.016869562953538385	0.01681899253685077	0.017692321654449086	0.0007271992918440991	0.0007272049116172636	0.0007225043868269862	0.000770963339496698
966	0.0001	0.01	0.8	600000	0.049689440993788817	0.044513457556935816	0.051759834368530024	0.39648033126293997	0.4596110608432707	0.4636439223403187	0.45530978362727165	0.5207716761042118	0.017140060343929942	0.017319434113486836	0.017112461330245063	0.01767041323817564	0.016754064050023703	0.01687902844068249	0.01681613140579436	0.022084633689662025	0.0007279447583410768	0.0007278964327546095	0.0007232470375490663	0.000965623934506187
879	0.0001	0.05	0.2	20000	0.0	0.0011376564277588168	0.0	0.0	0.47765011447993055	0.476778496070712	0.48858718633338327	0.4077290845032872	0.014831914144404029	0.014821037628737358	0.014914693346737482	0.014434667109838137	0.03244500246809529	0.03165696155882307	0.03313749387320363	0.02346725914484202	0.0014746553821575828	0.0014117650545492004	0.0014848902121657286	0.0010450566565539875
881	0.0001	0.05	0.2	100000	0.021566401816118047	0.015891032917139614	0.018161180476730987	0.0011350737797956867	0.47531870560867323	0.4744590290496034	0.48628085500663004	0.45612559282329157	0.014812369302110526	0.014804854555630636	0.014899559692020867	0.014610784101406975	0.03224625412938139	0.03146332560169996	0.03294335674529626	0.02764675772160164	0.0014685756193451157	0.0014060725703914673	0.001479363303487995	0.0011860492714571916
879	0.0001	0.05	0.2	600000	0.3924914675767918	0.3742889647326507	0.4072810011376564	0.47440273037542663	0.4770764798881363	0.47622460254807286	0.488003634948909	0.5497307035298611	0.014846838013678035	0.014836061237682378	0.014930439315366294	0.015056977669535008	0.032409569806153726	0.03162276247296788	0.033101402141800754	0.03901425092307779	0.0014751129450774705	0.001412236935421571	0.0014853764092559536	0.0014995637943898497
897	0.0001	0.05	0.8	20000	0.0	0.0	0.0	0.0	0.5074404292899835	0.5001568220398944	0.5301778351767479	0.45888692332362685	0.014810827452398981	0.014706197703307352	0.0146242865076037	0.01456567152162371	0.03179044409740192	0.03142509094073345	0.03412473333215571	0.027244872140141107	0.001322916239836082	0.0013116657939721982	0.0013526265412345706	0.0012123528345577268
896	0.0001	0.05	0.8	100000	0.012276785714285714	0.012276785714285714	0.020089285714285716	0.004464285714285714	0.5085971412453729	0.5014503176252821	0.5314364043477255	0.48867847008694415	0.014827903357818592	0.014717656707765675	0.014636583632921757	0.01472744958737432	0.03175137997786876	0.03140579815930561	0.03410639640540788	0.030486489869956366	0.001322667882106768	0.0013115976993062074	0.0013530908599551606	0.0012719268451698428
897	0.0001	0.05	0.8	600000	0.40468227424749165	0.391304347826087	0.4604236343366778	0.568561872909699	0.5079657249699487	0.5008156921346615	0.5303043435324192	0.5721377197523403	0.014821606291564057	0.014711378513746444	0.014643595044152672	0.014751452499438246	0.031723962182073226	0.031374706143342604	0.034051803835157574	0.039294757430838545	0.0013215083319727766	0.00131050300254912	0.0013523005364069049	0.0014072870174355635
673	0.0001	0.1	0.2	20000	0.0014858841010401188	0.0014858841010401188	0.0014858841010401188	0.0	0.6115016401304242	0.6157668970667194	0.6406141430004942	0.4081285433508376	0.015230729712118288	0.01526806966028342	0.015049209503559185	0.014849598147169657	0.06812852250100813	0.06913243474579711	0.07369314422207193	0.03572308303049244	0.0024068580003422137	0.002459907572782548	0.0025290353865116658	0.0016052250636845677
674	0.0001	0.1	0.2	100000	0.03560830860534125	0.03857566765578635	0.040059347181008904	0.001483679525222552	0.6112698019306952	0.6148683534445781	0.6398375466235212	0.4800505690128724	0.015235093726354268	0.015262361690062523	0.015049005015823869	0.015342758598755888	0.06779721423078662	0.06871678292367327	0.07324384751828368	0.04544369676417016	0.00239089472516681	0.0024415289243496425	0.0025091496148672617	0.0019287355250819764
672	0.0001	0.1	0.2	600000	0.7619047619047619	0.7529761904761905	0.8035714285714286	0.6220238095238095	0.6139009923885911	0.6176629729280252	0.6427678713924224	0.607178573344458	0.015237393079080636	0.015264555260623265	0.015059642796500017	0.015063272719689269	0.0679141868714577	0.0688852659434118	0.0734908459474515	0.06318260505129497	0.00237978432555281	0.0024291618557027886	0.002503423519697059	0.0022217705578193594
673	0.0001	0.1	0.8	20000	0.0029717682020802376	0.0014858841010401188	0.0	0.0	0.6305550492732764	0.6136454204478601	0.6774085488590773	0.4528839117558103	0.014861244891170607	0.015113306483146668	0.01442261244093087	0.015186774153920123	0.06777666140926475	0.06573683049295823	0.0748230495785864	0.041475834025966454	0.002284994081992239	0.0022655079815604917	0.0023044957731947276	0.0018019053979403403
672	0.0001	0.1	0.8	100000	0.05654761904761905	0.044642857142857144	0.07142857142857142	0.004464285714285714	0.6276142475688736	0.6106117142766574	0.6744902248482245	0.5248141531172333	0.01488006435032275	0.015130567017634598	0.014457238023109033	0.01534888510083093	0.06728998497626215	0.06518460651804484	0.07435640836442332	0.050136451298428926	0.0022687589415179257	0.002247439504875205	0.0022980102633404346	0.001986236301873525
672	0.0001	0.1	0.8	600000	0.7782738095238095	0.7514880952380952	0.8392857142857143	0.6815476190476191	0.6291407995567221	0.6123032346890148	0.6760499013052844	0.6449155716579626	0.014868876413440998	0.015110956663142298	0.014427867258947917	0.014716027151309517	0.0676436978846364	0.06559099240541733	0.074640503841313	0.06971907036788663	0.002286963054850828	0.002266574579000751	0.0023052743558783393	0.0023020259634230736
956	0.001	0.01	0.2	20000	0.010460251046025104	0.010460251046025104	0.008368200836820083	0.010460251046025104	0.4510650233881581	0.45106926273194736	0.45601510756392444	0.4712624304674582	0.017394471413691718	0.01723634728243468	0.017502951882767924	0.017871159547768443	0.017726480161696385	0.01723730659393225	0.01819659184345062	0.01779498452999022	0.0007982381927416387	0.0007755760888686847	0.0008120768430677225	0.000747193285115151
956	0.001	0.01	0.2	100000	0.08577405857740586	0.08263598326359832	0.09205020920502092	0.8629707112970711	0.4510650233881581	0.45106926273194736	0.45601510756392444	0.47463229718661615	0.017394471413691718	0.01723634728243468	0.017502951882767924	0.018270131329083412	0.017726480161696385	0.01723730659393225	0.01819659184345062	0.0203687992681834	0.0007982381927416387	0.0007755760888686847	0.0008120768430677225	0.0009102212578889005
956	0.001	0.01	0.2	600000	0.3399581589958159	0.34414225941422594	0.35355648535564854	1.0	0.4510650233881581	0.45106926273194736	0.45601510756392444	0.5243057632004099	0.017394471413691718	0.01723634728243468	0.017502951882767924	0.018168755762497622	0.017726480161696385	0.01723730659393225	0.01819659184345062	0.0234003854353964	0.0007982381927416387	0.0007755760888686847	0.0008120768430677225	0.0009547504652496159
963	0.001	0.01	0.8	20000	0.009345794392523364	0.007268951194184839	0.01142263759086189	0.012461059190031152	0.46391261940365175	0.462759435181703	0.46262514691179224	0.4840293895807583	0.01772437194952678	0.017685858322844427	0.017680717619191495	0.018105971825183094	0.01831602782804892	0.017970142434910172	0.018498056951697726	0.018457737068366332	0.0007874341901545213	0.0007875209092454229	0.0007946059277597732	0.0007590461032194363
964	0.001	0.01	0.8	100000	0.09024896265560166	0.08609958506224066	0.10684647302904564	0.8620331950207469	0.46308018846573945	0.46192956366680094	0.4617951360349548	0.5097912555390408	0.017710597804665253	0.017672078843557915	0.01766696002101148	0.017877104032212036	0.018298284807064826	0.017952770657066557	0.01848012510382188	0.02202582904143084	0.000786817006951071	0.0007868953307876678	0.0007939837378927553	0.0009910439725709656
962	0.001	0.01	0.8	600000	0.3399168399168399	0.3700623700623701	0.37422037422037424	1.0	0.46290113377988507	0.4617457737386496	0.46161123209464466	0.5301094531861766	0.017728906202741375	0.017690131703538073	0.01768495822884107	0.018310077405513638	0.018289215049981586	0.017960376517540646	0.018451191109691074	0.023823711051657814	0.0007877960488683045	0.0007882793458984617	0.000794047635290069	0.0010221421264560429
877	0.001	0.05	0.2	20000	0.10148232611174458	0.09578107183580388	0.11288483466362599	0.02280501710376283	0.4526525143413588	0.44823228453560493	0.4659600512289398	0.46089571985315075	0.01473083947376115	0.014632436751612354	0.014834363740593923	0.014691720980388954	0.030238888162110417	0.03007863887572585	0.03140346722746507	0.030003096491643105	0.001267096575088	0.0012745881383795252	0.0013012985388818157	0.0012970902993801263
874	0.001	0.05	0.2	100000	0.5423340961098398	0.5366132723112128	0.5812356979405034	0.8981693363844394	0.45314464457145787	0.44851428676394556	0.4663573955753042	0.5705700368124504	0.014781206064671098	0.01468885879829912	0.014891039032114152	0.015068892608217784	0.03026332936300472	0.03008919888403869	0.031421789550474075	0.04153580893255754	0.001270718593697478	0.0012784579842224396	0.0013053639273035292	0.0014908392260639441
880	0.001	0.05	0.2	600000	0.8727272727272727	0.8920454545454546	0.9159090909090909	1.0	0.4515045574922948	0.44710420357618536	0.4647719855320705	0.6630354181152369	0.014712272579492114	0.014613555149858916	0.014816917493799825	0.01387557467330431	0.03017298890793632	0.03001297537904719	0.03133307214060842	0.05465896479483201	0.0012635247298552253	0.0012709699017755607	0.0012976654056550813	0.0017151711662149044
891	0.001	0.05	0.8	20000	0.09090909090909091	0.08305274971941638	0.11896745230078563	0.02244668911335578	0.46597546770682424	0.46548346389478706	0.4856784410627338	0.5216923584544714	0.01450687516115219	0.014615219472801783	0.014646950219993701	0.014470723902429821	0.028877822486932152	0.02945346716527847	0.030985479081938366	0.032893841700655034	0.001220308450506139	0.001269562200070462	0.001275423205636103	0.001284309839445899
891	0.001	0.05	0.8	100000	0.5342312008978676	0.5218855218855218	0.5757575757575758	0.9169472502805837	0.46660942993831617	0.46604654240465654	0.48650827484787035	0.6037303119176398	0.014515211048406204	0.014622433235983473	0.014662582207465363	0.014431568859832506	0.02891528752517006	0.029486091207541847	0.031035198194684335	0.04404867162323943	0.0012209918596834787	0.0012701217959837665	0.0012764780014603895	0.0015397423116990676
890	0.001	0.05	0.8	600000	0.8730337078651685	0.8898876404494382	0.9157303370786517	1.0	0.4675946842890137	0.4670511923056669	0.4875242372957104	0.6678220250714239	0.014508973390171077	0.014616093875753735	0.014655207411747705	0.013989776495945168	0.02897917420307344	0.0295539644557731	0.031100592615542377	0.05583066337165634	0.001221938973559114	0.0012711665073139508	0.0012774238272520236	0.0018307394773736832
664	0.001	0.1	0.2	20000	0.23795180722891565	0.25903614457831325	0.3042168674698795	0.02710843373493976	0.6237295979950662	0.6264668173999085	0.6447179196119338	0.5267658186184615	0.014898305381594175	0.014720556005404306	0.01460691457974056	0.01499729613252273	0.07010790955068108	0.07065227692360256	0.07487008960996241	0.05111162785225449	0.0022735981652133616	0.0023351562637772805	0.002399406594542937	0.0019106420839372403
665	0.001	0.1	0.2	100000	0.8842105263157894	0.881203007518797	0.9007518796992481	0.9503759398496241	0.6228824482465337	0.6249640125557542	0.6451917182220921	0.655591222458694	0.014836347705568442	0.014635712829371485	0.014541520957181326	0.01405019127883737	0.06983262609317993	0.07037990225056547	0.07472172379850019	0.07019581165969513	0.0022582700427761985	0.00231905611351639	0.0023844203210739647	0.0022092006435001092
670	0.001	0.1	0.2	600000	0.9880597014925373	0.991044776119403	0.9940298507462687	1.0	0.6241089976658045	0.6262655177019242	0.6462920108498552	0.7375063485156004	0.01476972906603394	0.014577494104526132	0.014482319451608437	0.012642806406219917	0.06999175606824061	0.07053284652853489	0.074887594166169	0.08916127146105063	0.0022531389317401187	0.0023165935341462928	0.0023781196502867382	0.0024376876618668218
651	0.001	0.1	0.8	20000	0.23348694316436253	0.23195084485407066	0.282642089093702	0.053763440860215055	0.6349968882298525	0.6247147064938233	0.6630050922829582	0.5510884782396974	0.015015730541872706	0.014944938347627473	0.014591644349073262	0.015363537812824611	0.07156368326865827	0.07031425784274895	0.07576776075219381	0.05548431494718267	0.0024151056563888385	0.0024199160920468613	0.0024511611739132413	0.00211160755851203
648	0.001	0.1	0.8	100000	0.8996913580246914	0.8888888888888888	0.9120370370370371	0.9645061728395061	0.6379331556954899	0.6279020476586086	0.6659237599221298	0.6696992537267905	0.015011969853305152	0.014934394141308831	0.014573124985242412	0.014249634344547945	0.0720158878033519	0.0707573860721296	0.07623581934922337	0.07269497147961852	0.002421323617852587	0.0024237836136561707	0.002455374711110028	0.0022452612992900486
651	0.001	0.1	0.8	600000	0.989247311827957	0.989247311827957	0.9938556067588326	1.0	0.6354968976127956	0.6254071543024164	0.6633490755811902	0.7672474039341969	0.01500584189995259	0.014932656819304889	0.014579251479309406	0.012553337352619154	0.0717157218510071	0.07051340188676276	0.07591741032341148	0.09453011955593041	0.002413303483834247	0.0024186546498589775	0.0024477064590803974	0.002462161645104948
954	0.01	0.01	0.2	20000	0.1708595387840671	0.1719077568134172	0.1740041928721174	0.9958071278825996	0.44656660729753955	0.4463690965378045	0.45258858468513885	0.5201019677946185	0.018369972381757634	0.01831600710416108	0.018345780043893707	0.01855496574399433	0.01655654719703304	0.016372204840645634	0.016743005780003258	0.023676716581794793	0.0007674213235565318	0.0007554368829175115	0.0007722862001701103	0.0010336656763503345
956	0.01	0.01	0.2	100000	0.42887029288702927	0.4372384937238494	0.45083682008368203	0.9989539748953975	0.44710720709520463	0.4469061906916729	0.4531046321078869	0.556240832681678	0.01833851887463357	0.018285034710082842	0.018314151823706163	0.01854943042960637	0.01657363711170877	0.016391680715360197	0.016759437950620848	0.025959770082859226	0.0007660458857847595	0.0007541536083886022	0.0007708892243868097	0.001081849992950574
955	0.01	0.01	0.2	600000	0.7078534031413612	0.7078534031413612	0.7277486910994765	1.0	0.44796434514289285	0.4477509302389175	0.45397338789978775	0.5585589404650465	0.018355004115054415	0.018301933268924694	0.018330012607573012	0.01838643616081145	0.016590878835623494	0.01640869150110235	0.016776873121289722	0.027161155482841266	0.0007666541871506193	0.0007547516377512719	0.0007714994642137107	0.001102389336416295
962	0.01	0.01	0.8	20000	0.17983367983367984	0.17567567567567569	0.19126819126819128	0.9937629937629938	0.450336162425268	0.45084195895556656	0.4470207138953996	0.4940357309347647	0.017295649282203198	0.017327098622804047	0.01742926819416975	0.017559629504885675	0.01791092121184367	0.017817522604242624	0.017587302855972247	0.022387492935122457	0.0007749638110837449	0.0007871070967610889	0.0007598423174077994	0.0009433796143492254
959	0.01	0.01	0.8	100000	0.48279457768508866	0.5046923879040668	0.5151199165797706	0.9989572471324296	0.45076758757229324	0.4512914066753186	0.44742280219986674	0.531857778837639	0.017332234433522838	0.017361767957305152	0.01746660417135133	0.017737776373598645	0.01791706655372575	0.017822480173116013	0.01759217074433267	0.024207131621936086	0.00077646567908231	0.0007886099330730301	0.0007612706319228413	0.0009834320717731146
958	0.01	0.01	0.8	600000	0.7693110647181628	0.7609603340292276	0.7881002087682673	1.0	0.4505651772906976	0.45112253640513084	0.44719451282569833	0.5681593269731492	0.017364158641254845	0.01739410992665194	0.01749847446238748	0.01769207634052048	0.017888031659590502	0.01779480835237555	0.017561920897879873	0.026064033083920673	0.000776732991970903	0.0007889473967803316	0.0007614638236149158	0.0010425739968313245
869	0.01	0.05	0.2	20000	0.6904487917146145	0.6985040276179517	0.7468354430379747	0.998849252013809	0.43975576622360407	0.42983601356947404	0.4507902105547738	0.5905621581719551	0.014968256890880643	0.014871545483941219	0.014945576733628486	0.01494704993472682	0.027646542391737805	0.02704609295324878	0.028527171471836754	0.04449330867671208	0.0011829884019455997	0.0011414802966422928	0.0011854846632490504	0.0015323142412558876
871	0.01	0.05	0.2	100000	0.9035591274397244	0.928817451205511	0.9494833524684271	1.0	0.4388107669524084	0.42890284567792886	0.4501202286938461	0.65177272426917	0.014945199288181499	0.014847772393854026	0.014922594287567967	0.01463153607332933	0.027620263384439916	0.02701911433546694	0.02852974387579313	0.053981986676363704	0.0011812115513815218	0.0011397361711944101	0.0011845509743669243	0.001694539061850667
870	0.01	0.05	0.2	600000	0.960919540229885	0.9827586206896551	0.9873563218390805	1.0	0.43781508241559347	0.42778899747154436	0.4491586310887802	0.6886363345863847	0.01494864937025651	0.014851579486170503	0.014926701830963136	0.014124932659931524	0.027554982792661248	0.02694315047115327	0.02846976043950735	0.06017584558475924	0.001181143751429501	0.001139384529277409	0.00118468524559348	0.0018334778892986987
860	0.01	0.05	0.8	20000	0.6918604651162791	0.6988372093023256	0.7465116279069768	0.9976744186046511	0.4708294124903342	0.4655909887932706	0.4889737654322676	0.6095424496019314	0.014962382734888157	0.014994940268292534	0.014929603291588553	0.014901490568634128	0.03269024305540297	0.032402248689407664	0.03405289273639201	0.048937727932247495	0.0014676207165119923	0.0014741664088981684	0.0014763584738001706	0.0017093319582613075
858	0.01	0.05	0.8	100000	0.9055944055944056	0.9417249417249417	0.951048951048951	1.0	0.4715539023663599	0.4662956404302487	0.49003594194952566	0.6523069870677434	0.014997321877253453	0.015029632857417206	0.014954517981948752	0.014437809014888404	0.03274304438482965	0.03245761420975976	0.03415060351884139	0.058410797776646255	0.0014705074597920354	0.0014770442263403072	0.0014789616770976672	0.0018796942989695075
859	0.01	0.05	0.8	600000	0.959254947613504	0.9755529685681025	0.9860302677532014	1.0	0.4707496843840335	0.4656420215930965	0.48901262942556933	0.6815220427986954	0.014964865861201293	0.014993585369918997	0.014928998024077324	0.01415404653043209	0.032741576613376046	0.032454699739873666	0.034134582945413286	0.06526926992051245	0.0014685905387593447	0.0014752830874212336	0.0014772325269388229	0.002015411844592067
663	0.01	0.1	0.2	20000	0.9562594268476622	0.951734539969834	0.9592760180995475	1.0	0.6244879146219945	0.6279178218061209	0.6542361453595881	0.700283672967207	0.015317247700243073	0.015333247024482816	0.015061853691734697	0.013946722437600194	0.07108222975262575	0.07083448367742436	0.0757503068595323	0.0822217459261568	0.0024559206270522915	0.0024825838412836604	0.0025605603334080108	0.0024741584639673708
659	0.01	0.1	0.2	100000	0.992412746585736	0.9954476479514416	0.9969650986342944	1.0	0.6245610368764335	0.6277626865127329	0.6543570404088094	0.7833189389209619	0.015334403722342021	0.015346245732745917	0.015071379248639695	0.012515434767115127	0.07104331537813469	0.07069989527294827	0.07563857543238146	0.10064962509560174	0.0024584184988747813	0.002486157671426013	0.0025645215150892713	0.0027246987308709946
660	0.01	0.1	0.2	600000	0.9954545454545455	1.0	1.0	1.0	0.6242335412973625	0.6278751947142792	0.6535211468960576	0.8105821075446197	0.015337355795855675	0.015350503453086568	0.015070483829036651	0.011568095488719532	0.0709380740685791	0.07077736696644579	0.07557779677066838	0.11123216422151415	0.0024560068435133	0.002486931568436137	0.0025633487846094946	0.0029010789838654046
647	0.01	0.1	0.8	20000	0.9659969088098919	0.9567233384853169	0.9675425038639877	1.0	0.6372194806388005	0.6259249186137328	0.6750854401872006	0.7125975129992551	0.014827541202197562	0.015065883594598664	0.014618579516773719	0.013896443832503758	0.06990840421834543	0.06881825649470073	0.07642000904762213	0.0816540492939848	0.0023614269972711856	0.002377033724975437	0.002457515315557114	0.0024449903928772023
648	0.01	0.1	0.8	100000	0.9922839506172839	0.9938271604938271	0.9969135802469136	1.0	0.6367794124341921	0.6248517285296388	0.6744003936201814	0.7717223007155793	0.014874194064608041	0.015099325062967059	0.01466379813876537	0.012857349341873965	0.06974476673908488	0.06864471249390279	0.07621233359442191	0.09891661099244059	0.0023605276184189288	0.002374800180158843	0.0024564370913585107	0.002759632949097834
646	0.01	0.1	0.8	600000	0.9969040247678018	1.0	1.0	0.9984520123839009	0.6367907989951537	0.6263489596478422	0.6729193303902191	0.8067895954739817	0.014876458966878581	0.01508768435286706	0.01466038791950081	0.011899572396249015	0.06981644255917657	0.06901751324842595	0.07609949067561075	0.1082821267295502	0.0023556528971733306	0.0023786632670478184	0.002444628046966096	0.0028645366739774806
